+---------------------+------------+-------+---------------+------+-----------------+--------+------------+-------------------+--------+------------------+-----------------+
| Trial name          | status     | loc   |   conv_layers |   l1 |   linear_layers |     lr |   momentum |   output_features |   iter |   total time (s) |   test_accuracy |
|---------------------+------------+-------+---------------+------+-----------------+--------+------------+-------------------+--------+------------------+-----------------|
| DEFAULT_5dea9_00000 | TERMINATED |       |             2 |  100 |               2 | 0.0001 |        0.5 |                10 |      1 |          70.4325 |         63.9959 |
| DEFAULT_5dea9_00001 | TERMINATED |       |             3 |  100 |               2 | 0.0001 |        0.5 |                10 |      1 |          70.6112 |         49.7972 |
| DEFAULT_5dea9_00002 | TERMINATED |       |             2 |  200 |               2 | 0.0001 |        0.5 |                10 |      1 |          70.0255 |         50      |
| DEFAULT_5dea9_00003 | TERMINATED |       |             3 |  200 |               2 | 0.0001 |        0.5 |                10 |      1 |          70.1427 |         50      |
| DEFAULT_5dea9_00004 | TERMINATED |       |             2 |  100 |               3 | 0.0001 |        0.5 |                10 |      1 |          72.8237 |         50.1014 |
| DEFAULT_5dea9_00005 | TERMINATED |       |             3 |  100 |               3 | 0.0001 |        0.5 |                10 |      1 |          72.8127 |         50      |
| DEFAULT_5dea9_00006 | TERMINATED |       |             2 |  200 |               3 | 0.0001 |        0.5 |                10 |      1 |          74.1324 |         49.3915 |
| DEFAULT_5dea9_00007 | TERMINATED |       |             3 |  200 |               3 | 0.0001 |        0.5 |                10 |      1 |          74.2392 |         50      |
| DEFAULT_5dea9_00008 | TERMINATED |       |             2 |  100 |               2 | 0.01   |        0.5 |                10 |      1 |          69.6561 |         89.1481 |
| DEFAULT_5dea9_00009 | TERMINATED |       |             3 |  100 |               2 | 0.01   |        0.5 |                10 |      1 |          69.8176 |         73.3266 |
| DEFAULT_5dea9_00010 | TERMINATED |       |             2 |  200 |               2 | 0.01   |        0.5 |                10 |      1 |          71.6037 |         81.643  |
| DEFAULT_5dea9_00011 | TERMINATED |       |             3 |  200 |               2 | 0.01   |        0.5 |                10 |      1 |          72.6107 |         81.1359 |
| DEFAULT_5dea9_00012 | TERMINATED |       |             2 |  100 |               3 | 0.01   |        0.5 |                10 |      1 |          73.4019 |         82.5558 |
| DEFAULT_5dea9_00013 | TERMINATED |       |             3 |  100 |               3 | 0.01   |        0.5 |                10 |      1 |          74.0963 |         74.3408 |
| DEFAULT_5dea9_00014 | TERMINATED |       |             2 |  200 |               3 | 0.01   |        0.5 |                10 |      1 |          75.153  |         80.7302 |
| DEFAULT_5dea9_00015 | TERMINATED |       |             3 |  200 |               3 | 0.01   |        0.5 |                10 |      1 |          75.6784 |         72.1095 |
| DEFAULT_5dea9_00016 | TERMINATED |       |             2 |  100 |               2 | 0.0001 |        0.9 |                10 |      1 |          69.916  |         55.4767 |
| DEFAULT_5dea9_00017 | TERMINATED |       |             3 |  100 |               2 | 0.0001 |        0.9 |                10 |      1 |          71.2158 |         56.288  |
| DEFAULT_5dea9_00018 | TERMINATED |       |             2 |  200 |               2 | 0.0001 |        0.9 |                10 |      1 |          70.1359 |         55.1724 |
| DEFAULT_5dea9_00019 | TERMINATED |       |             3 |  200 |               2 | 0.0001 |        0.9 |                10 |      1 |          72.2176 |         55.2738 |
| DEFAULT_5dea9_00020 | TERMINATED |       |             2 |  100 |               3 | 0.0001 |        0.9 |                10 |      1 |          72.3177 |         56.6937 |
| DEFAULT_5dea9_00021 | TERMINATED |       |             3 |  100 |               3 | 0.0001 |        0.9 |                10 |      1 |          74.4695 |         53.2454 |
| DEFAULT_5dea9_00022 | TERMINATED |       |             2 |  200 |               3 | 0.0001 |        0.9 |                10 |      1 |          72.8503 |         48.8844 |
| DEFAULT_5dea9_00023 | TERMINATED |       |             3 |  200 |               3 | 0.0001 |        0.9 |                10 |      1 |          74.4642 |         55.5781 |
| DEFAULT_5dea9_00024 | TERMINATED |       |             2 |  100 |               2 | 0.01   |        0.9 |                10 |      1 |          69.6208 |         51.8256 |
| DEFAULT_5dea9_00025 | TERMINATED |       |             3 |  100 |               2 | 0.01   |        0.9 |                10 |      1 |          71.8918 |         50      |
| DEFAULT_5dea9_00026 | TERMINATED |       |             2 |  200 |               2 | 0.01   |        0.9 |                10 |      1 |          69.6167 |         50      |
| DEFAULT_5dea9_00027 | TERMINATED |       |             3 |  200 |               2 | 0.01   |        0.9 |                10 |      1 |          72.5826 |         50      |
| DEFAULT_5dea9_00028 | TERMINATED |       |             2 |  100 |               3 | 0.01   |        0.9 |                10 |      1 |          72.2103 |         50      |
| DEFAULT_5dea9_00029 | TERMINATED |       |             3 |  100 |               3 | 0.01   |        0.9 |                10 |      1 |          73.72   |         50      |
| DEFAULT_5dea9_00030 | TERMINATED |       |             2 |  200 |               3 | 0.01   |        0.9 |                10 |      1 |          73.8617 |         50      |
| DEFAULT_5dea9_00031 | TERMINATED |       |             3 |  200 |               3 | 0.01   |        0.9 |                10 |      1 |          75.0392 |         50      |
| DEFAULT_5dea9_00032 | TERMINATED |       |             2 |  100 |               2 | 0.0001 |        0.5 |                20 |      1 |          72.8196 |         54.5639 |
| DEFAULT_5dea9_00033 | TERMINATED |       |             3 |  100 |               2 | 0.0001 |        0.5 |                20 |      1 |          76.5096 |         50      |
| DEFAULT_5dea9_00034 | TERMINATED |       |             2 |  200 |               2 | 0.0001 |        0.5 |                20 |      1 |          72.2145 |         63.0832 |
| DEFAULT_5dea9_00035 | TERMINATED |       |             3 |  200 |               2 | 0.0001 |        0.5 |                20 |      1 |          74.3159 |         55.9838 |
| DEFAULT_5dea9_00036 | TERMINATED |       |             2 |  100 |               3 | 0.0001 |        0.5 |                20 |      1 |          77.0323 |         51.6227 |
| DEFAULT_5dea9_00037 | TERMINATED |       |             3 |  100 |               3 | 0.0001 |        0.5 |                20 |      1 |          79.8235 |         50      |
| DEFAULT_5dea9_00038 | TERMINATED |       |             2 |  200 |               3 | 0.0001 |        0.5 |                20 |      1 |          78.4662 |         49.7972 |
| DEFAULT_5dea9_00039 | TERMINATED |       |             3 |  200 |               3 | 0.0001 |        0.5 |                20 |      1 |          78.777  |         50      |
| DEFAULT_5dea9_00040 | TERMINATED |       |             2 |  100 |               2 | 0.01   |        0.5 |                20 |      1 |          73.5522 |         81.1359 |
| DEFAULT_5dea9_00041 | TERMINATED |       |             3 |  100 |               2 | 0.01   |        0.5 |                20 |      1 |          75.6764 |         83.9757 |
| DEFAULT_5dea9_00042 | TERMINATED |       |             2 |  200 |               2 | 0.01   |        0.5 |                20 |      1 |          72.6814 |         84.4828 |
| DEFAULT_5dea9_00043 | TERMINATED |       |             3 |  200 |               2 | 0.01   |        0.5 |                20 |      1 |          76.7035 |         76.7748 |
| DEFAULT_5dea9_00044 | TERMINATED |       |             2 |  100 |               3 | 0.01   |        0.5 |                20 |      1 |          76.9142 |         52.6369 |
| DEFAULT_5dea9_00045 | TERMINATED |       |             3 |  100 |               3 | 0.01   |        0.5 |                20 |      1 |          78.0424 |         58.1136 |
| DEFAULT_5dea9_00046 | TERMINATED |       |             2 |  200 |               3 | 0.01   |        0.5 |                20 |      1 |          77.5446 |         58.7221 |
| DEFAULT_5dea9_00047 | TERMINATED |       |             3 |  200 |               3 | 0.01   |        0.5 |                20 |      1 |          77.0871 |         53.2454 |
| DEFAULT_5dea9_00048 | TERMINATED |       |             2 |  100 |               2 | 0.0001 |        0.9 |                20 |      1 |          73.515  |         58.8235 |
| DEFAULT_5dea9_00049 | TERMINATED |       |             3 |  100 |               2 | 0.0001 |        0.9 |                20 |      1 |          76.3392 |         56.8966 |
| DEFAULT_5dea9_00050 | TERMINATED |       |             2 |  200 |               2 | 0.0001 |        0.9 |                20 |      1 |          72.9542 |         55.4767 |
| DEFAULT_5dea9_00051 | TERMINATED |       |             3 |  200 |               2 | 0.0001 |        0.9 |                20 |      1 |          75.6658 |         55.8824 |
| DEFAULT_5dea9_00052 | TERMINATED |       |             2 |  100 |               3 | 0.0001 |        0.9 |                20 |      1 |          76.6538 |         59.9391 |
| DEFAULT_5dea9_00053 | TERMINATED |       |             3 |  100 |               3 | 0.0001 |        0.9 |                20 |      1 |          77.9238 |         52.6369 |
| DEFAULT_5dea9_00054 | TERMINATED |       |             2 |  200 |               3 | 0.0001 |        0.9 |                20 |      1 |          77.3098 |         58.5193 |
| DEFAULT_5dea9_00055 | TERMINATED |       |             3 |  200 |               3 | 0.0001 |        0.9 |                20 |      1 |          78.0538 |         58.0122 |
| DEFAULT_5dea9_00056 | TERMINATED |       |             2 |  100 |               2 | 0.01   |        0.9 |                20 |      1 |          73.9457 |         50      |
| DEFAULT_5dea9_00057 | TERMINATED |       |             3 |  100 |               2 | 0.01   |        0.9 |                20 |      1 |          75.7713 |         50      |
| DEFAULT_5dea9_00058 | TERMINATED |       |             2 |  200 |               2 | 0.01   |        0.9 |                20 |      1 |          71.5483 |         50      |
| DEFAULT_5dea9_00059 | TERMINATED |       |             3 |  200 |               2 | 0.01   |        0.9 |                20 |      1 |          75.2831 |         50      |
| DEFAULT_5dea9_00060 | TERMINATED |       |             2 |  100 |               3 | 0.01   |        0.9 |                20 |      1 |          76.6932 |         50      |
| DEFAULT_5dea9_00061 | TERMINATED |       |             3 |  100 |               3 | 0.01   |        0.9 |                20 |      1 |          78.6051 |         50      |
| DEFAULT_5dea9_00062 | TERMINATED |       |             2 |  200 |               3 | 0.01   |        0.9 |                20 |      1 |          76.8169 |         54.2596 |
| DEFAULT_5dea9_00063 | TERMINATED |       |             3 |  200 |               3 | 0.01   |        0.9 |                20 |      1 |          63.3333 |         50      |
+---------------------+------------+-------+---------------+------+-----------------+--------+------------+-------------------+--------+------------------+-----------------+

